$ANSIBLE_VAULT;1.1;AES256
65353739663232666466653131303066303463613637633934656264663739333239356332313931
3666613766383165386138386663373833613564313933300a646466303935383463323030316235
31396161653331616239393538346366386635323163393437623931363130313435303630353137
6464623564663630360a353733626337303036663037623662633065323435393239313063616337
36323063663631613336323732663338393239663238383331393939353334616139376233333232
64633531633539393836336134313566616233326365383965623662316138383263323333363132
31353964303235316631396332666439623130306630343361313933343039363033326431663534
35646135633131643131656564613936313630376438623331383732663066646430393239323866
61346232613234333239633961356133363735303265346631323365343330643666333530616532
32393134393364656336323362363066336538336462363933633362613861346562363633363534
66366631353563646666383038303163653235323537383765353838643865356538656335643337
61303635306531366432346566653330313331633638333365363336353762663531336461343962
37373934303234303430363132343163623966313136323366643464383662393461366636623265
61396638613830623166353165343264316131343461376239653866356165323735343830636133
65393235393530333063643261376465373364386538336635666137316633623863626162306434
36646434623638383863616566653937313463643465336633363335313966303437633639353864
30336138373835396638333330373537626337376330653337316235363836326361636539373062
65653565393932313363336161313063353733653966613630633030633530623665316535386230
32656131373866663738316332653237326366303064653032626665623439653030623564646130
37353837663436376232313161356466653864333936623333343132626334323862613336646164
38323466656463353938626539386332366431613631396666646430646564383965643733356163
31616236633936643766653030613339316438306666316265666633396635633734346335323065
39303633316662616364333662363633333836383862353631343861343566653964373263373438
31336238643337643938336664383135303836643736363939666231613264616563353930616362
66326239636235663732326633373932316238663430333635353165316437636534653562383136
63383531626336363061303563396332663466396134643131623732303432316534633139613866
37356365643363323864653433373132323138623332636262623735383065636438343565613531
33383931353162383233613235353934333033396230366532383364303436306333656161396661
62626435306436323632383866373062393632393035326632333238366666616263346533353666
64333930633337663039633331356532633264343464343031643464663538316164623364343462
61356530393864646365336630393337306330313734343538663932356237653535366632366331
35396563633833633430343165653733633238333134376533383563336434323236313236336633
65343562636130383939353265356261303037333838616164626635633130303437323863323061
35366335376639326566353831643635373630313735613430306235363430303165626262336332
37663033626564356137393264623966653138326165386237663163323264353036633338653331
64333562366636376564656461373737383139636261333539353066616533633635313938613965
65303634353533313361383733396134303533316262656231373862353262623638666633313362
34643563626630373434373964323538393365323066663033373865663638386339656564613366
31633563333461313731373339306464373463383738313762366538313837373638373462653466
35306536383231303563333738333530623436383565323136393464383130656263613931363939
61613364306636613632393530386264666662386562393164656539653238373463
