$ANSIBLE_VAULT;1.1;AES256
65336634386161376264613734333332626366623564383837666262306162343931336666313761
6437363335316339363638363631396235333237656366610a396432353262393432616262313639
37643066383037383438383238666565663863643861393534633839366638346637653434653533
3863383463326566350a663863306237383539313730656661653765633431356136373332626561
39323562316264316362396533393834656364363738613634626437643731626133313336333032
65363434663236343565633662323735633738353938646636616437616666313831633931366538
31653136643062336666373131393834383738376537653538353733633536313636656339653331
35343766326666623162353766623638343763356238346561636337623339373364353563393030
64303237316563626562353936383562383539396334646239613934363337303465336565346636
63336234373261343864626131353764386462336631383631333461613633386237663233643632
66613030336164376637623062373934386465373333633336353264613233383636343461626533
37636630393062383036386538646635636363316636633362643665306561383539323263616666
63653237336463353236656333313337663635363666326139356433653839633235366533323533
66396137303936653362653266343266386365323032353262363863376335306664663661366335
31356661613835623765316264326134316434373864326237653838386234316630336337323961
31306239636134363232626330653535356562303737393032386332326338393832616532376630
31383733353662373539303363393365626461616533653039376566396632623832313735373031
37643835393534643831656633646536313530353233363366393464623965646433393831303566
63316533343333626433353232643238336635653766333838306335623034613765633563373534
61656533313531643964646133643061666231323134376638376430613838303635373633363732
62633862383330373463653864323738646539313037356230356634623636663637316664333466
37316634373961623633336231666230666437393165393039303034353338366333363234366539
34313237653735613032623237346462663232636132643036653564313432303165336633656433
64346539346562383038356131643765313362356537303130633436356261323130633061386466
33363938643962663463343862373335636138396239616537663837363066396165336665313130
66656566643663303933353935613837383836356361343236393430363261643766393934633062
37613933626432303531353462396238386130313536626366333761303265333537393062653933
62393935323237353831376136633832626533333933313538386336386238363162333737306136
65623662313965353664303531373763346262383165626134373566333230646439633363616363
65666234353431353534343561313566653164663562616466366535303462336136313736373932
37353737376236653038303030333731363638363932333363643535366238666433316133623338
36656163343639343834623363393364623636356131306130373861323961323164336131623666
66393430643539373539313362343639636332623238663166353363333566623065623439633730
33333931626332316234396130373738643863626433316163396432626564653133386465616636
65353432613637653566646534303231636466393131643064643232666661656566616132303233
39336161306339313763323433636366616131366434323038393163383431356363376139643339
31363335613138646633656365623664313030636635636637343366663639333831313232306264
39316565383462656330366134643763326565366464336531333836636232633439306265383665
66333235333433316531656362666565363438646366386135613363393764363637333534363434
31636562613066376436
